0	0	0	0	0	0	0	0		   // U+0020 (space)
0	0	6	95	95	6	0	0		   // U+0021 (!)
0	3	3	0	3	3	0	0		   // U+0022 (")
20	127	127	20	127	127	20	0		   // U+0023 (#)
36	46	107	107	58	18	0	0		   // U+0024 ($)
70	102	48	24	12	102	98	0		   // U+0025 (%)
48	122	79	93	55	122	72	0		   // U+0026 (&)
4	7	3	0	0	0	0	0		   // U+0027 (')
0	28	62	99	65	0	0	0		   // U+0028 (()
0	65	99	62	28	0	0	0		   // U+0029 ())
8	42	62	28	28	62	42	8		   // U+002A (*)
8	8	62	62	8	8	0	0		   // U+002B (+)
0	128	224	96	0	0	0	0		   // U+002C (
8	8	8	8	8	8	0	0		   // U+002D (-)
0	0	96	96	0	0	0	0		   // U+002E (.)
96	48	24	12	6	3	1	0		   // U+002F (/)
62	127	113	89	77	127	62	0		   // U+0030 (0)
64	66	127	127	64	64	0	0		   // U+0031 (1)
98	115	89	73	111	102	0	0		   // U+0032 (2)
34	99	73	73	127	54	0	0		   // U+0033 (3)
24	28	22	83	127	127	80	0		   // U+0034 (4)
39	103	69	69	125	57	0	0		   // U+0035 (5)
60	126	75	73	121	48	0	0		   // U+0036 (6)
3	3	113	121	15	7	0	0		   // U+0037 (7)
54	127	73	73	127	54	0	0		   // U+0038 (8)
6	79	73	105	63	30	0	0		   // U+0039 (9)
0	0	102	102	0	0	0	0		   // U+003A (:)
0	128	230	102	0	0	0	0		   // U+003B (//)
8	28	54	99	65	0	0	0		   // U+003C (<)
36	36	36	36	36	36	0	0		   // U+003D (=)
0	65	99	54	28	8	0	0		   // U+003E (>)
2	3	81	89	15	6	0	0		   // U+003F (?)
62	127	65	93	93	31	30	0		   // U+0040 (@)
124	126	19	19	126	124	0	0		   // U+0041 (A)
65	127	127	73	73	127	54	0		   // U+0042 (B)
28	62	99	65	65	99	34	0		   // U+0043 (C)
65	127	127	65	99	62	28	0		   // U+0044 (D)
65	127	127	73	93	65	99	0		   // U+0045 (E)
65	127	127	73	29	1	3	0		   // U+0046 (F)
28	62	99	65	81	115	114	0		   // U+0047 (G)
127	127	8	8	127	127	0	0		   // U+0048 (H)
0	65	127	127	65	0	0	0		   // U+0049 (I)
48	112	64	65	127	63	1	0		   // U+004A (J)
65	127	127	8	28	119	99	0		   // U+004B (K)
65	127	127	65	64	96	112	0		   // U+004C (L)
127	127	14	28	14	127	127	0		   // U+004D (M)
127	127	6	12	24	127	127	0		   // U+004E (N)
28	62	99	65	99	62	28	0		   // U+004F (O)
65	127	127	73	9	15	6	0		   // U+0050 (P)
30	63	33	113	127	94	0	0		   // U+0051 (Q)
65	127	127	9	25	127	102	0		   // U+0052 (R)
38	111	77	89	115	50	0	0		   // U+0053 (S)
3	65	127	127	65	3	0	0		   // U+0054 (T)
127	127	64	64	127	127	0	0		   // U+0055 (U)
31	63	96	96	63	31	0	0		   // U+0056 (V)
127	127	48	24	48	127	127	0		   // U+0057 (W)
67	103	60	24	60	103	67	0		   // U+0058 (X)
7	79	120	120	79	7	0	0		   // U+0059 (Y)
71	99	113	89	77	103	115	0		   // U+005A (Z)
0	127	127	65	65	0	0	0		   // U+005B ([)
1	3	6	12	24	48	96	0		   // U+005C (\)
0	65	65	127	127	0	0	0		   // U+005D (])
8	12	6	3	6	12	8	0		   // U+005E (^)
128	128	128	128	128	128	128	128		   // U+005F (_)
0	0	3	7	4	0	0	0		   // U+0060 (`)
32	116	84	84	60	120	64	0		   // U+0061 (a)
65	127	63	72	72	120	48	0		   // U+0062 (b)
56	124	68	68	108	40	0	0		   // U+0063 (c)
48	120	72	73	63	127	64	0		   // U+0064 (d)
56	124	84	84	92	24	0	0		   // U+0065 (e)
72	126	127	73	3	2	0	0		   // U+0066 (f)
152	188	164	164	248	124	4	0		   // U+0067 (g)
65	127	127	8	4	124	120	0		   // U+0068 (h)
0	68	125	125	64	0	0	0		   // U+0069 (i)
96	224	128	128	253	125	0	0		   // U+006A (j)
65	127	127	16	56	108	68	0		   // U+006B (k)
0	65	127	127	64	0	0	0		   // U+006C (l)
124	124	24	56	28	124	120	0		   // U+006D (m)
124	124	4	4	124	120	0	0		   // U+006E (n)
56	124	68	68	124	56	0	0		   // U+006F (o)
132	252	248	164	36	60	24	0		   // U+0070 (p)
24	60	36	164	248	252	132	0		   // U+0071 (q)
68	124	120	76	4	28	24	0		   // U+0072 (r)
72	92	84	84	116	36	0	0		   // U+0073 (s)
0	4	62	127	68	36	0	0		   // U+0074 (t)
60	124	64	64	60	124	64	0		   // U+0075 (u)
28	60	96	96	60	28	0	0		   // U+0076 (v)
60	124	112	56	112	124	60	0		   // U+0077 (w)
68	108	56	16	56	108	68	0		   // U+0078 (x)
156	188	160	160	252	124	0	0		   // U+0079 (y)
76	100	116	92	76	100	0	0		   // U+007A (z)
8	8	62	119	65	65	0	0		   // U+007B ()
0	0	0	119	119	0	0	0		   // U+007C (|)
65	65	119	62	8	8	0	0		   // U+007D ()
2	3	1	3	2	3	1	0		   // U+007E (~)
									
0	6	9	9	6	0	0	0		U+00B0(°)
